n=55
a = [-1,  1,-1,  1, -1, 1,   1,  1,  -1,  -1, 1,  1, 1, 1,  -1,  -1, 1,  -1,  -1,  1, 1,  -1,  1,  1, 1,  1,  -1,  -1,  1,  -1,  1,  -1,  1,  -1,  -1, -1,  1,  1,  1,  1, 1, 1, -1,  -1, 1,  1,  -1,  1, 1,  -1,  -1,  1, -1,  -1,  -1 ]
b = [-1 , 1 , 1,  -1,  1,  1, -1,  1,  -1,  1,  -1, -1, 1, 1,  1,  1,  -1,  1,  1,  1,  -1,  -1,  -1,  1,  1,  -1,  1,  1,  1, -1,  1,  1,  1,  1,  1,  1,  1,  1, -1,  1,  -1,  1,  1,  1,  -1,  -1,  1, -1,  1,  1,  -1,  -1,  -1,  -1,  1]

n=27
(5,-9)
a = [-1, 1, 1, -1, 1, -1, -1, 1, -1, 1, -1, 1, -1, 1, 1, -1, -1, 1, -1, -1, -1, -1, 1, -1, -1, -1, -1]
b = [-1, 1, 1, -1, 1, -1, -1, 1, -1, 1, -1, 1, -1, 1, 1, -1, -1, 1, -1, -1, -1, -1, 1, -1, -1, -1, -1]

n=15
a = [1, -1, -1, -1, -1, -1, 1, -1, 1, 1, 1, -1, -1, 1, -1]
b = [-1, -1, -1, 1, -1, -1, 1, 1, -1, -1, -1, -1, -1, 1, -1]

n=33
(7,9)
a = [-1, 1, -1, 1, 1, -1, -1, -1, -1, 1, 1, -1, 1, 1, 1, -1, 1, -1, -1, -1, -1, 1, -1, -1, -1, -1, 1, 1, -1, -1, 1, -1, -1]
b = [-1, 1, 1, -1, -1, 1, 1, 1, 1, -1, -1, -1, -1, -1, -1, -1, 1, -1, -1, -1, 1, -1, 1, -1, -1, -1, -1, 1, -1, -1, 1, -1, 1]


n=37
(5, 11)
a =[-1, 1, 1, 1, -1, 1, 1, -1, 1, 1, -1, -1, -1, -1, 1, -1, -1, -1, -1, -1, -1, -1, 1, 1, -1, -1, 1, -1, 1, -1, 1, 1, 1, 1, -1, -1, -1]
b = [1, -1, -1, 1, 1, -1, 1, 1, -1, -1, -1, 1, -1, -1, -1, -1, 1, -1, 1, -1, -1, 1, 1, -1, -1, -1, -1, 1, -1, 1, -1, 1, -1, -1, -1, -1, -1]


n=43
(7,11)
a = [-1, 1, -1, 1, -1, 1, 1, -1, -1, 1, 1, -1, -1, -1, 1, -1, 1, -1, -1, 1, 1, -1, 1, 1, -1, -1, -1, -1, 1, -1, 1, -1, -1, -1, -1, -1, 1, 1, -1, -1, -1, 1, 1]
b = [-1, -1, -1, -1, -1, -1, 1, -1, -1, -1, -1, -1, -1, -1, 1, -1, 1, -1, 1, -1, -1, 1, -1, 1, 1, -1, 1, 1, -1, -1, -1, -1, -1, 1, -1, 1, 1, 1, 1, -1, -1, 1, 1]